  -5.000  -0.3634   0.00000  -0.00131  -0.0352   0.0000   0.0000
  -4.000  -0.2490   0.00000  -0.00114  -0.0355   0.0000   0.0000
  -3.000  -0.1346   0.00000  -0.00100  -0.0359   0.0000   0.0000
  -2.000  -0.0202   0.00000  -0.00088  -0.0363   0.0000   0.0000
  -1.000   0.0942   0.00000  -0.00080  -0.0367   0.0000   0.0000
   0.000   0.2086   0.00000  -0.00074  -0.0372   0.0000   0.0000
   1.000   0.3229   0.00000  -0.00071  -0.0377   0.0000   0.0000
   2.000   0.4370   0.00000  -0.00072  -0.0382   0.0000   0.0000
   3.000   0.5511   0.00000  -0.00075  -0.0388   0.0000   0.0000
   4.000   0.6649   0.00000  -0.00082  -0.0394   0.0000   0.0000
   5.000   0.7786   0.00000  -0.00093  -0.0400   0.0000   0.0000
   6.000   0.8919   0.00000  -0.00106  -0.0407   0.0000   0.0000
   7.000   1.0051   0.00000  -0.00123  -0.0414   0.0000   0.0000
   8.000   1.1179   0.00000  -0.00144  -0.0421   0.0000   0.0000
   9.000   1.2303   0.00000  -0.00168  -0.0428   0.0000   0.0000
  10.000   1.3424   0.00000  -0.00195  -0.0436   0.0000   0.0000
  11.000   1.4541   0.00000  -0.00226  -0.0444   0.0000   0.0000
  12.000   1.5653   0.00000  -0.00260  -0.0452   0.0000   0.0000
  13.000   1.6761   0.00000  -0.00298  -0.0460   0.0000   0.0000
  14.000   1.7863   0.00000  -0.00339  -0.0469   0.0000   0.0000
  15.000   1.8960   0.00000  -0.00383  -0.0478   0.0000   0.0000
  16.000   2.0052   0.00000  -0.00431  -0.0487   0.0000   0.0000
  17.000   2.1137   0.00000  -0.00482  -0.0496   0.0000   0.0000
  18.000   2.2217   0.00000  -0.00536  -0.0506   0.0000   0.0000
  19.000   2.3289   0.00000  -0.00592  -0.0515   0.0000   0.0000
  20.000   2.4355   0.00000  -0.00652  -0.0525   0.0000   0.0000
  21.000   2.5413   0.00000  -0.00715  -0.0535   0.0000   0.0000
  22.000   2.6464   0.00000  -0.00780  -0.0545   0.0000   0.0000
  23.000   2.7507   0.00000  -0.00848  -0.0555   0.0000   0.0000
  24.000   2.8542   0.00000  -0.00918  -0.0566   0.0000   0.0000
  25.000   2.9568   0.00000  -0.00991  -0.0576   0.0000   0.0000
  26.000   3.0586   0.00000  -0.01066  -0.0586   0.0000   0.0000
  27.000   3.1595   0.00000  -0.01142  -0.0597   0.0000   0.0000
  28.000   3.2594   0.00000  -0.01221  -0.0608   0.0000   0.0000
  29.000   3.3584   0.00000  -0.01301  -0.0618   0.0000   0.0000
  30.000   3.4563   0.00000  -0.01383  -0.0629   0.0000   0.0000
